32767 0 56 2 0 0
32767 1 56 2 0 0
-2147483648 1 56 2 110 500
-2147483648 1 56 2 110 500
-2147483648 1 56 2 110 500
-2147483648 1 56 2 110 500
-2147483648 1 56 2 110 500
-2147483648 1 56 2 110 500
-2147483648 1 56 2 110 500
-2147483648 1 56 2 110 500
-2147483648 1 56 2 110 500
-2147483648 1 56 2 110 500
-2147483648 1 56 2 110 500
-2147483648 1 56 2 110 500
-2147483648 1 56 2 110 500
-2147483648 1 56 2 110 500
-2147483648 1 56 2 110 500
-2147483648 1 56 2 110 500
-2147483648 1 56 2 110 500
-2147483648 1 56 2 110 500
-2147483648 1 56 2 110 500
-2147483648 1 56 2 110 500
-2147483648 1 56 2 110 500
-2147483648 1 56 2 110 500
-2147483648 1 56 2 110 500
-2147483648 1 56 2 110 500
-2147483648 1 56 2 110 500
-2147483648 1 56 2 110 500
-2147483648 1 56 2 110 500
-2147483648 1 56 2 110 500
-2147483648 1 56 2 110 500
-2147483648 1 56 2 110 500
-2147483648 1 56 2 110 500
-2147483648 1 56 2 110 500
-2147483648 1 56 2 110 500
-2147483648 1 56 2 110 500
-2147483648 1 56 2 110 500
-2147483648 1 56 2 110 500
-2147483648 1 56 2 110 500
-2147483648 1 56 2 110 500
-2147483648 1 56 2 110 500
-2147483648 1 56 2 110 500
-2147483648 1 56 2 110 500
-2147483648 1 56 2 110 500
-2147483648 1 56 2 110 500
-2147483648 1 56 2 110 500
-2147483648 1 56 2 110 500
-2147483648 1 56 2 110 500
-2147483648 1 56 2 110 500
-2147483648 1 56 2 110 500
-2147483648 1 56 2 110 500
-2147483648 1 56 2 110 500
-2147483648 1 56 2 110 500
-2147483648 1 56 2 110 500
-2147483648 1 56 2 110 500
-2147483648 1 56 2 110 500
-2147483648 1 56 2 110 500
-2147483648 1 56 2 110 500
-2147483648 1 56 2 110 500
-2147483648 1 56 2 110 500
-2147483648 1 56 2 110 500
-2147483648 1 56 2 110 500
-2147483648 1 56 2 110 500
-2147483648 1 56 2 110 500
-2147483648 1 56 2 110 500
-2147483648 1 56 2 110 500
-2147483648 1 56 2 110 500
-2147483648 1 56 2 110 500
-2147483648 1 56 2 110 500
-2147483648 1 56 2 110 500
-2147483648 1 56 2 110 500
-2147483648 1 56 2 110 500
-2147483648 1 56 2 110 500
-2147483648 1 56 2 110 500
-2147483648 1 56 2 110 500
-2147483648 1 56 2 110 500
-2147483648 1 56 2 110 500
-2147483648 1 56 2 110 500
