20 0 0 0 150
20 0 0 0 150
20 0 0 0 150
20 0 0 0 150
20 0 0 0 150
20 0 0 0 150
20 0 0 0 150
20 0 0 0 150
20 0 0 0 150
20 0 0 0 150
20 0 0 0 150
20 0 0 0 150
20 0 0 0 150
20 0 0 0 150
20 0 0 0 150
20 0 0 0 150
20 0 0 0 150
20 0 0 0 150
20 0 0 0 150
20 0 0 0 150
20 0 0 0 150
20 0 0 0 150
20 0 0 0 150
20 0 0 0 150
20 0 0 0 150
20 0 0 0 150
20 0 0 0 150
20 0 0 0 150
20 0 0 0 150
20 0 0 0 150
20 0 0 0 150
20 0 0 0 150
20 0 0 0 150
20 0 0 0 150
20 0 0 0 150
20 0 0 0 150
20 0 0 0 150
20 0 0 0 150
20 0 0 0 150
20 0 0 0 150
20 0 0 0 150
20 0 0 0 150
20 0 0 0 150
20 0 0 0 150
20 0 0 0 150
20 0 0 0 150
20 0 0 0 150
20 0 0 0 150
20 0 0 0 150
20 0 0 0 150
20 0 0 0 150
20 0 0 0 150
20 0 0 0 150
20 0 0 0 150
20 0 0 0 150
20 0 0 0 150
20 0 0 0 150
20 0 0 0 150
20 0 0 0 150
20 0 0 0 150
20 0 0 0 150
20 0 0 0 150
20 0 0 0 150
20 0 0 0 150
20 0 0 0 150
20 0 0 0 150
20 0 0 0 150
20 0 0 0 150
20 0 0 0 150
20 0 0 0 150
20 0 0 0 150
20 0 0 0 150
20 0 0 0 150
20 0 0 0 150
20 0 0 0 150
20 0 0 0 150
20 0 0 0 150
20 0 0 0 150
