32767 0 56 2 0 1
32767 1 56 2 0 1
32169 1 56 2 150 500
32169 1 56 2 150 500
32169 1 56 2 150 500
32172 1 56 2 150 500
32172 1 56 2 150 500
32172 1 56 2 150 500
32231 1 56 2 150 500
32231 1 56 2 150 500
32170 1 56 2 150 500
32174 1 56 2 150 500
32174 1 56 2 150 500
32174 1 56 2 150 500
32174 1 56 2 150 500
32174 1 56 2 150 500
32174 1 56 2 150 500
32174 1 56 2 150 500
32174 1 56 2 150 500
32174 1 56 2 150 500
32174 1 56 2 150 500
32234 1 56 2 150 500
32234 1 56 2 150 500
32234 1 56 2 150 500
32174 1 56 2 150 500
32174 1 56 2 150 500
32181 1 56 2 150 500
32181 1 56 2 150 500
32181 1 56 2 150 500
32181 1 56 2 150 500
32181 1 56 2 150 500
32181 1 56 2 150 500
32181 1 56 2 150 500
32181 1 56 2 150 500
32181 1 56 2 150 500
32181 1 56 2 150 500
32181 1 56 2 150 500
32181 1 56 2 150 500
32236 1 56 2 150 500
32239 1 56 2 150 500
32239 1 56 2 150 500
32181 1 56 2 150 500
32181 1 56 2 150 500
32181 1 56 2 150 500
32181 1 56 2 150 500
32181 1 56 2 150 500
32181 1 56 2 150 500
32184 1 56 2 150 500
32184 1 56 2 150 500
32184 1 56 2 150 500
32188 1 56 2 150 500
32188 1 56 2 150 500
32191 1 56 2 150 500
32191 1 56 2 150 500
32191 1 56 2 150 500
32191 1 56 2 150 500
32194 1 56 2 150 500
32194 1 56 2 150 500
32194 1 56 2 150 500
32248 1 56 2 150 500
32251 1 56 2 150 500
32251 1 56 2 150 500
32251 1 56 2 150 500
32251 1 56 2 150 500
32190 1 56 2 150 500
32193 1 56 2 150 500
32190 1 56 2 150 500
32190 1 56 2 150 500
32190 1 56 2 150 500
32190 1 56 2 150 500
32190 1 56 2 150 500
32190 1 56 2 150 500
32190 1 56 2 150 500
32193 1 56 2 150 500
32193 1 56 2 150 500
32193 1 56 2 150 500
32190 1 56 2 150 500
32190 1 56 2 150 500
32190 1 56 2 150 500
32190 1 56 2 150 500
32138 1 56 2 150 500
32138 1 56 2 150 500
32142 1 56 2 150 500
32145 1 56 2 150 500
32145 1 56 2 150 500
32195 1 56 2 150 500
32199 1 56 2 150 500
32199 1 56 2 150 500
32199 1 56 2 150 500
32199 1 56 2 150 500
32199 1 56 2 150 500
32199 1 56 2 150 500
32199 1 56 2 150 500
32199 1 56 2 150 500
32199 1 56 2 150 500
32199 1 56 2 150 500
32199 1 56 2 150 500
32199 1 56 2 150 500
32199 1 56 2 150 500
32199 1 56 2 150 500
32202 1 56 2 150 500
32252 1 56 2 150 500
32201 1 56 2 150 500
32201 1 56 2 150 500
32204 1 56 2 150 500
32204 1 56 2 150 500
32255 1 56 2 150 500
32206 1 56 2 150 500
32203 1 56 2 150 500
32203 1 56 2 150 500
32203 1 56 2 150 500
32206 1 56 2 150 500
32159 1 56 2 150 500
32162 1 56 2 150 500
32162 1 56 2 150 500
32162 1 56 2 150 500
32162 1 56 2 150 500
32165 1 56 2 150 500
32165 1 56 2 150 500
32165 1 56 2 150 500
32214 1 56 2 150 500
32214 1 56 2 150 500
32214 1 56 2 150 500
32217 1 56 2 150 500
32172 1 56 2 150 500
32172 1 56 2 150 500
32219 1 56 2 150 500
32219 1 56 2 150 500
32222 1 56 2 150 500
32219 1 56 2 150 500
32216 1 56 2 150 500
32216 1 56 2 150 500
32216 1 56 2 150 500
32213 1 56 2 150 500
32169 1 56 2 150 500
32173 1 56 2 150 500
32169 1 56 2 150 500
32169 1 56 2 150 500
32169 1 56 2 150 500
32173 1 56 2 150 500
32173 1 56 2 150 500
32176 1 56 2 150 500
32176 1 56 2 150 500
32176 1 56 2 150 500
32176 1 56 2 150 500
32223 1 56 2 150 500
32223 1 56 2 150 500
32223 1 56 2 150 500
32181 1 56 2 150 500
32224 1 56 2 150 500
32224 1 56 2 150 500
32224 1 56 2 150 500
32224 1 56 2 150 500
32224 1 56 2 150 500
32224 1 56 2 150 500
32224 1 56 2 150 500
32224 1 56 2 150 500
32266 1 56 2 150 500
32266 1 56 2 150 500
32266 1 56 2 150 500
32226 1 56 2 150 500
32226 1 56 2 150 500
32305 1 56 2 150 500
32268 1 56 2 150 500
32268 1 56 2 150 500
32268 1 56 2 150 500
32308 1 56 2 150 500
32270 1 56 2 150 500
32232 1 56 2 150 500
32235 1 56 2 150 500
32235 1 56 2 150 500
32273 1 56 2 150 500
32308 1 56 2 150 500
32308 1 56 2 150 500
32345 1 56 2 150 500
32377 1 56 2 150 500
32377 1 56 2 150 500
32440 1 56 2 150 500
32440 1 56 2 150 500
32467 1 56 2 150 500
32467 1 56 2 150 500
32429 1 56 2 150 500
32432 1 56 2 150 500
32396 1 56 2 150 500
32367 1 56 2 150 500
32367 1 56 2 150 500
32371 1 56 2 150 500
32340 1 56 2 150 500
32309 1 56 2 150 500
32309 1 56 2 150 500
32309 1 56 2 150 500
32306 1 56 2 150 500
32277 1 56 2 150 500
32277 1 56 2 150 500
32277 1 56 2 150 500
32277 1 56 2 150 500
32277 1 56 2 150 500
32277 1 56 2 150 500
32277 1 56 2 150 500
32277 1 56 2 150 500
32277 1 56 2 150 500
32277 1 56 2 150 500
32277 1 56 2 150 500
32281 1 56 2 150 500
32281 1 56 2 150 500
32281 1 56 2 150 500
32281 1 56 2 150 500
32281 1 56 2 150 500
32281 1 56 2 150 500
32281 1 56 2 150 500
32251 1 56 2 150 500
32251 1 56 2 150 500
32251 1 56 2 150 500
32278 1 56 2 150 500
32278 1 56 2 150 500
32251 1 56 2 150 500
32254 1 56 2 150 500
32257 1 56 2 150 500
32257 1 56 2 150 500
32257 1 56 2 150 500
32260 1 56 2 150 500
32260 1 56 2 150 500
32260 1 56 2 150 500
32260 1 56 2 150 500
32260 1 56 2 150 500
32260 1 56 2 150 500
32260 1 56 2 150 500
32260 1 56 2 150 500
32262 1 56 2 150 500
32262 1 56 2 150 500
32265 1 56 2 150 500
32265 1 56 2 150 500
32265 1 56 2 150 500
32269 1 56 2 150 500
32269 1 56 2 150 500
32269 1 56 2 150 500
32269 1 56 2 150 500
32272 1 56 2 150 500
32272 1 56 2 150 500
32272 1 56 2 150 500
32272 1 56 2 150 500
32250 1 56 2 150 500
32250 1 56 2 150 500
32253 1 56 2 150 500
32253 1 56 2 150 500
32253 1 56 2 150 500
32253 1 56 2 150 500
32256 1 56 2 150 500
32256 1 56 2 150 500
32256 1 56 2 150 500
32260 1 56 2 150 500
32233 1 56 2 150 500
32233 1 56 2 150 500
32236 1 56 2 150 500
32265 1 56 2 150 500
32261 1 56 2 150 500
32261 1 56 2 150 500
32258 1 56 2 150 500
32258 1 56 2 150 500
32258 1 56 2 150 500
32258 1 56 2 150 500
32347 1 56 2 150 500
32347 1 56 2 150 500
32347 1 56 2 150 500
32347 1 56 2 150 500
32351 1 56 2 150 500
32351 1 56 2 150 500
32351 1 56 2 150 500
32351 1 56 2 150 500
32351 1 56 2 150 500
32354 1 56 2 150 500
32354 1 56 2 150 500
32354 1 56 2 150 500
32354 1 56 2 150 500
32354 1 56 2 150 500
32377 1 56 2 150 500
32377 1 56 2 150 500
32289 1 56 2 150 500
32292 1 56 2 150 500
32292 1 56 2 150 500
32292 1 56 2 150 500
32295 1 56 2 150 500
32298 1 56 2 150 500
32335 1 56 2 150 500
32295 1 56 2 150 500
32298 1 56 2 150 500
32298 1 56 2 150 500
32381 1 56 2 150 500
32381 1 56 2 150 500
32361 1 56 2 150 500
32361 1 56 2 150 500
32364 1 56 2 150 500
32364 1 56 2 150 500
32364 1 56 2 150 500
32367 1 56 2 150 500
32367 1 56 2 150 500
32367 1 56 2 150 500
32280 1 56 2 150 500
32280 1 56 2 150 500
32280 1 56 2 150 500
32280 1 56 2 150 500
32283 1 56 2 150 500
32283 1 56 2 150 500
32283 1 56 2 150 500
32283 1 56 2 150 500
32283 1 56 2 150 500
32283 1 56 2 150 500
32317 1 56 2 150 500
32314 1 56 2 150 500
32314 1 56 2 150 500
32314 1 56 2 150 500
32317 1 56 2 150 500
32317 1 56 2 150 500
32317 1 56 2 150 500
32278 1 56 2 150 500
32278 1 56 2 150 500
32278 1 56 2 150 500
32278 1 56 2 150 500
32241 1 56 2 150 500
32241 1 56 2 150 500
32241 1 56 2 150 500
32241 1 56 2 150 500
32241 1 56 2 150 500
32241 1 56 2 150 500
32241 1 56 2 150 500
32241 1 56 2 150 500
32241 1 56 2 150 500
32241 1 56 2 150 500
32244 1 56 2 150 500
32244 1 56 2 150 500
32244 1 56 2 150 500
32244 1 56 2 150 500
32244 1 56 2 150 500
32244 1 56 2 150 500
32244 1 56 2 150 500
32244 1 56 2 150 500
32244 1 56 2 150 500
32244 1 56 2 150 500
32244 1 56 2 150 500
32244 1 56 2 150 500
32221 1 56 2 150 500
32221 1 56 2 150 500
32221 1 56 2 150 500
32221 1 56 2 150 500
32221 1 56 2 150 500
32221 1 56 2 150 500
32224 1 56 2 150 500
32224 1 56 2 150 500
32228 1 56 2 150 500
32228 1 56 2 150 500
32228 1 56 2 150 500
32228 1 56 2 150 500
32231 1 56 2 150 500
32234 1 56 2 150 500
32234 1 56 2 150 500
32234 1 56 2 150 500
32315 1 56 2 150 500
32315 1 56 2 150 500
32315 1 56 2 150 500
32315 1 56 2 150 500
32354 1 56 2 150 500
32357 1 56 2 150 500
32354 1 56 2 150 500
32354 1 56 2 150 500
32354 1 56 2 150 500
32357 1 56 2 150 500
32354 1 56 2 150 500
32350 1 56 2 150 500
32350 1 56 2 150 500
32350 1 56 2 150 500
32350 1 56 2 150 500
32312 1 56 2 150 500
32315 1 56 2 150 500
32350 1 56 2 150 500
32353 1 56 2 150 500
32353 1 56 2 150 500
32373 1 56 2 150 500
32293 1 56 2 150 500
32257 1 56 2 150 500
32257 1 56 2 150 500
32257 1 56 2 150 500
32257 1 56 2 150 500
32257 1 56 2 150 500
32333 1 56 2 150 500
32254 1 56 2 150 500
32254 1 56 2 150 500
32254 1 56 2 150 500
32254 1 56 2 150 500
32254 1 56 2 150 500
32257 1 56 2 150 500
32257 1 56 2 150 500
32257 1 56 2 150 500
32257 1 56 2 150 500
32257 1 56 2 150 500
32257 1 56 2 150 500
32257 1 56 2 150 500
32257 1 56 2 150 500
32260 1 56 2 150 500
32260 1 56 2 150 500
32260 1 56 2 150 500
32260 1 56 2 150 500
32260 1 56 2 150 500
32260 1 56 2 150 500
32264 1 56 2 150 500
32264 1 56 2 150 500
32264 1 56 2 150 500
32267 1 56 2 150 500
32267 1 56 2 150 500
32267 1 56 2 150 500
32247 1 56 2 150 500
32250 1 56 2 150 500
32308 1 56 2 150 500
32273 1 56 2 150 500
32273 1 56 2 150 500
32276 1 56 2 150 500
32276 1 56 2 150 500
32276 1 56 2 150 500
32332 1 56 2 150 500
32332 1 56 2 150 500
32335 1 56 2 150 500
32335 1 56 2 150 500
32335 1 56 2 150 500
32335 1 56 2 150 500
32338 1 56 2 150 500
32338 1 56 2 150 500
32300 1 56 2 150 500
32303 1 56 2 150 500
32300 1 56 2 150 500
32300 1 56 2 150 500
32300 1 56 2 150 500
32318 1 56 2 150 500
32357 1 56 2 150 500
32357 1 56 2 150 500
32357 1 56 2 150 500
32395 1 56 2 150 500
32395 1 56 2 150 500
32322 1 56 2 150 500
32322 1 56 2 150 500
32322 1 56 2 150 500
32322 1 56 2 150 500
32322 1 56 2 150 500
32322 1 56 2 150 500
32322 1 56 2 150 500
32448 1 56 2 150 500
32448 1 56 2 150 500
32448 1 56 2 150 500
32448 1 56 2 150 500
32448 1 56 2 150 500
32448 1 56 2 150 500
32448 1 56 2 150 500
32448 1 56 2 150 500
32448 1 56 2 150 500
32434 1 56 2 150 500
32438 1 56 2 150 500
32441 1 56 2 150 500
32405 1 56 2 150 500
32441 1 56 2 150 500
32441 1 56 2 150 500
32444 1 56 2 150 500
32444 1 56 2 150 500
32444 1 56 2 150 500
32444 1 56 2 150 500
32444 1 56 2 150 500
32444 1 56 2 150 500
32447 1 56 2 150 500
32447 1 56 2 150 500
32447 1 56 2 150 500
32447 1 56 2 150 500
32451 1 56 2 150 500
32451 1 56 2 150 500
32451 1 56 2 150 500
32454 1 56 2 150 500
32454 1 56 2 150 500
32454 1 56 2 150 500
32457 1 56 2 150 500
32457 1 56 2 150 500
32457 1 56 2 150 500
32457 1 56 2 150 500
32457 1 56 2 150 500
32460 1 56 2 150 500
32460 1 56 2 150 500
32421 1 56 2 150 500
32421 1 56 2 150 500
32421 1 56 2 150 500
32357 1 56 2 150 500
32357 1 56 2 150 500
32372 1 56 2 150 500
32375 1 56 2 150 500
32375 1 56 2 150 500
32375 1 56 2 150 500
32379 1 56 2 150 500
32379 1 56 2 150 500
32415 1 56 2 150 500
32415 1 56 2 150 500
32411 1 56 2 150 500
32411 1 56 2 150 500
32411 1 56 2 150 500
32411 1 56 2 150 500
32411 1 56 2 150 500
32411 1 56 2 150 500
32415 1 56 2 150 500
32415 1 56 2 150 500
32482 1 56 2 150 500
32482 1 56 2 150 500
32478 1 56 2 150 500
32478 1 56 2 150 500
32478 1 56 2 150 500
32478 1 56 2 150 500
32478 1 56 2 150 500
32543 1 56 2 150 500
32543 1 56 2 150 500
32543 1 56 2 150 500
32579 1 56 2 150 500
32579 1 56 2 150 500
32579 1 56 2 150 500
32579 1 56 2 150 500
32579 1 56 2 150 500
32567 1 56 2 150 500
32630 1 56 2 150 500
32630 1 56 2 150 500
32665 1 56 2 150 500
32665 1 56 2 150 500
32665 1 56 2 150 500
32665 1 56 2 150 500
32732 1 56 2 150 500
32732 1 56 2 150 500
32668 1 56 2 150 500
32668 1 56 2 150 500
32668 1 56 2 150 500
32671 1 56 2 150 500
32671 1 56 2 150 500
32674 1 56 2 150 500
32687 1 56 2 150 500
32687 1 56 2 150 500
32691 1 56 2 150 500
32691 1 56 2 150 500
32691 1 56 2 150 500
32691 1 56 2 150 500
32694 1 56 2 150 500
32694 1 56 2 150 500
32694 1 56 2 150 500
32694 1 56 2 150 500
32697 1 56 2 150 500
32697 1 56 2 150 500
32697 1 56 2 150 500
32697 1 56 2 150 500
