1531 -4 0 0 150
1532 -4 0 0 150
1537 -4 0 0 150
1535 -4 0 0 150
1534 -4 1 0 150
1532 -4 1 0 150
1528 -3 1 0 150
1528 -3 1 0 150
1535 -3 1 0 150
1531 -4 1 0 150
1539 -4 0 0 150
1539 -4 0 0 150
1535 -4 0 0 150
1539 -4 0 0 150
1539 -4 0 0 150
1536 -4 -1 0 150
1534 -4 0 0 150
1534 -4 0 0 150
1533 -4 0 0 150
1533 -4 0 0 150
1533 -3 1 0 150
1534 -3 1 0 150
1537 -3 1 0 150
1540 -4 1 0 150
1540 -4 1 0 150
1538 -4 1 0 150
1534 -4 1 0 150
1534 -4 1 0 150
1532 -4 1 0 150
1532 -4 1 0 150
1533 -4 1 0 150
1534 -4 1 0 150
1536 -4 1 0 150
1540 -4 1 0 150
1536 -4 1 0 150
1536 -4 1 0 150
1535 -4 1 0 150
1536 -3 2 0 150
1537 -3 2 0 150
1536 -3 2 0 150
1536 -3 2 0 150
1534 -4 2 0 150
1536 -4 2 0 150
1537 -4 2 0 150
1536 -4 2 0 150
1534 -4 1 0 150
1534 -4 1 0 150
1541 -4 2 0 150
1539 -4 1 0 150
1533 -4 1 0 150
1534 -4 1 0 150
1534 -4 1 0 150
1531 -4 1 0 150
1531 -4 1 0 150
1532 -4 1 0 150
1535 -4 1 0 150
1532 -4 1 0 150
1529 -3 1 0 150
1529 -3 1 0 150
1528 -3 1 0 150
1531 -3 0 0 150
1531 -3 1 0 150
1537 -4 1 0 150
1537 -4 1 0 150
1537 -4 1 0 150
1535 -4 1 0 150
1532 -4 1 0 150
1533 -4 0 0 150
1532 -4 1 0 150
1530 -4 0 0 150
1530 -4 0 0 150
1532 -4 0 0 150
1541 -4 1 0 150
1541 -4 1 0 150
1539 -4 1 0 150
1539 -4 1 0 150
1538 -4 0 0 150
1539 -4 0 0 150
1539 -5 0 0 150
1534 -5 0 0 150
1534 -5 0 0 150
1532 -5 -1 0 150
1532 -5 0 0 150
1532 -4 0 0 150
1531 -4 0 0 150
1531 -4 0 0 150
1533 -4 0 0 150
1532 -4 0 0 150
1535 -4 1 0 150
1533 -4 0 0 150
1533 -4 0 0 150
1531 -4 1 0 150
1531 -4 1 0 150
1532 -4 0 0 150
1533 -4 0 0 150
1534 -4 0 0 150
1535 -4 1 0 150
1535 -4 1 0 150
1532 -4 1 0 150
1536 -4 1 0 150
1537 -3 1 0 150
1537 -4 2 0 150
1537 -4 2 0 150
1533 -4 2 0 150
1534 -4 2 0 150
1529 -3 2 0 150
1528 -4 1 0 150
1527 -4 2 0 150
1532 -4 1 0 150
1532 -4 1 0 150
1531 -4 1 0 150
1537 -5 0 0 150
1538 -5 0 0 150
1535 -5 0 0 150
1533 -5 0 0 150
1531 -5 0 0 150
1531 -5 0 0 150
1529 -5 0 0 150
1529 -5 0 0 150
1533 -4 0 0 150
1535 -4 0 0 150
1535 -4 0 0 150
1535 -4 0 0 150
1537 -5 0 0 150
1535 -5 0 0 150
1535 -5 0 0 150
1534 -4 1 0 150
1537 -4 1 0 150
1537 -4 1 0 150
1541 -4 1 0 150
1544 -4 2 0 150
1542 -4 2 0 150
1541 -4 1 0 150
1539 -5 1 0 150
1532 -5 1 0 150
1532 -5 1 0 150
1533 -5 1 0 150
1535 -5 0 0 150
1534 -5 0 0 150
1533 -5 0 0 150
1533 -5 0 0 150
1534 -5 0 0 150
1532 -5 -1 0 150
1533 -5 0 0 150
1532 -4 0 0 150
1532 -4 0 0 150
1532 -5 0 0 150
1532 -4 1 0 150
1530 -4 0 0 150
1530 -4 0 0 150
1531 -4 0 0 150
1530 -4 0 0 150
1530 -4 0 0 150
1532 -4 0 0 150
1532 -4 1 0 150
1530 -4 1 0 150
1528 -3 1 0 150
1528 -3 1 0 150
1530 -3 1 0 150
1532 -4 1 0 150
1522 -2 3 0 150
1524 -3 3 0 150
1524 -3 3 0 150
1524 -3 3 0 150
1524 -3 3 0 150
1525 -2 3 0 150
1533 -3 2 0 150
1537 -4 1 0 150
1537 -4 1 0 150
1533 -4 0 0 150
1534 -3 1 0 150
1527 -2 3 0 150
1527 -1 4 0 150
1526 0 5 0 150
1526 0 5 0 150
1526 1 6 0 150
1522 2 7 0 150
1522 2 8 0 150
1523 3 8 0 150
1522 3 7 0 150
1522 3 7 0 150
1526 2 6 0 150
1527 1 5 0 150
1532 0 4 0 150
1534 0 4 0 150
1535 -1 4 0 150
1535 -1 4 0 150
1530 -2 3 0 150
1534 -2 3 0 150
1534 -2 3 0 150
1533 -2 3 0 150
1531 -3 2 0 150
1531 -3 2 0 150
1531 -3 2 0 150
1533 -3 2 0 150
1532 -3 1 0 150
1532 -3 1 0 150
1532 -3 1 0 150
1532 -3 1 0 150
1532 -3 1 0 150
1533 -3 1 0 150
1533 -3 1 0 150
1531 -3 1 0 150
1531 -3 1 0 150
1530 -3 1 0 150
1531 -3 1 0 150
1531 -3 1 0 150
1532 -3 1 0 150
1535 -4 1 0 150
1535 -4 1 0 150
1533 -4 1 0 150
1531 -4 1 0 150
1531 -3 1 0 150
1536 -4 1 0 150
1536 -4 2 0 150
1535 -4 2 0 150
1537 -4 1 0 150
1537 -4 1 0 150
1535 -4 2 0 150
1534 -4 2 0 150
1535 -4 2 0 150
1536 -4 2 0 150
1536 -4 2 0 150
1534 -4 2 0 150
1534 -4 3 0 150
1534 -4 3 0 150
1533 -3 2 0 150
1533 -4 2 0 150
1531 -4 2 0 150
1531 -4 2 0 150
1533 -4 2 0 150
1532 -4 2 0 150
1531 -4 2 0 150
1531 -4 2 0 150
1535 -4 1 0 150
1533 -4 1 0 150
1533 -4 1 0 150
1533 -4 1 0 150
1532 -4 1 0 150
1535 -4 0 0 150
1536 -5 0 0 150
1536 -5 0 0 150
1535 -5 0 0 150
1534 -5 0 0 150
1536 -5 0 0 150
1537 -5 0 0 150
1541 -5 0 0 150
1541 -5 0 0 150
1542 -5 0 0 150
1538 -5 0 0 150
1536 -6 0 0 150
1538 -6 0 0 150
1536 -5 0 0 150
1536 -5 0 0 150
1533 -5 0 0 150
1532 -5 0 0 150
1532 -5 1 0 150
1530 -5 1 0 150
1530 -5 1 0 150
1530 -5 1 0 150
1529 -4 1 0 150
1529 -4 1 0 150
1531 -4 1 0 150
1531 -4 1 0 150
1531 -4 1 0 150
1534 -4 2 0 150
1535 -4 2 0 150
1533 -4 2 0 150
1534 -4 2 0 150
1536 -4 2 0 150
1536 -4 2 0 150
1536 -4 2 0 150
1533 -4 2 0 150
1535 -4 2 0 150
1539 -3 2 0 150
1543 -4 1 0 150
1543 -4 1 0 150
1541 -4 1 0 150
1542 -4 1 0 150
1539 -4 1 0 150
1537 -4 0 0 150
1540 -5 0 0 150
1540 -5 0 0 150
1539 -4 0 0 150
1536 -4 0 0 150
1531 -4 0 0 150
1530 -3 0 0 150
1530 -3 0 0 150
1532 -4 0 0 150
1533 -4 1 0 150
1533 -4 1 0 150
1532 -4 1 0 150
1536 -4 1 0 150
1536 -4 1 0 150
1538 -4 1 0 150
1539 -4 1 0 150
1538 -5 0 0 150
1544 -5 1 0 150
1544 -5 1 0 150
1545 -5 1 0 150
1542 -5 0 0 150
1538 -5 0 0 150
1534 -5 0 0 150
1537 -5 1 0 150
1540 -5 0 0 150
1540 -5 0 0 150
1540 -6 0 0 150
1539 -6 0 0 150
1536 -6 0 0 150
1535 -6 -1 0 150
1535 -6 -1 0 150
1532 -6 0 0 150
1534 -6 0 0 150
1529 -5 0 0 150
1533 -5 0 0 150
1535 -5 0 0 150
1533 -4 0 0 150
1534 -4 1 0 150
1534 -4 1 0 150
1533 -4 1 0 150
1533 -4 2 0 150
1533 -4 1 0 150
1535 -4 1 0 150
1535 -4 1 0 150
1538 -4 1 0 150
1542 -4 1 0 150
1542 -4 1 0 150
1538 -4 1 0 150
1537 -4 1 0 150
1537 -4 1 0 150
1539 -4 1 0 150
1534 -4 1 0 150
1536 -4 1 0 150
1538 -4 1 0 150
1538 -4 1 0 150
1539 -4 0 0 150
1540 -4 0 0 150
1539 -4 0 0 150
1539 -5 0 0 150
1537 -5 0 0 150
1539 -5 0 0 150
1539 -5 0 0 150
1535 -5 0 0 150
1533 -5 -1 0 150
1531 -5 0 0 150
1532 -5 0 0 150
1532 -5 0 0 150
1532 -5 0 0 150
1533 -5 0 0 150
1534 -5 1 0 150
1532 -5 0 0 150
1534 -5 0 0 150
1536 -5 0 0 150
1536 -5 0 0 150
1539 -5 0 0 150
1538 -4 1 0 150
1534 -4 1 0 150
1533 -4 1 0 150
1537 -4 2 0 150
1537 -4 2 0 150
1537 -5 1 0 150
1536 -5 1 0 150
1534 -5 1 0 150
1531 -5 1 0 150
1531 -5 1 0 150
1537 -5 0 0 150
1540 -5 1 0 150
1538 -5 1 0 150
1537 -5 1 0 150
1537 -5 1 0 150
1533 -4 1 0 150
1533 -4 1 0 150
1534 -5 1 0 150
1534 -5 1 0 150
1534 -5 1 0 150
1532 -4 0 0 150
1531 -5 0 0 150
1534 -4 0 0 150
1532 -4 0 0 150
1532 -4 1 0 150
1532 -4 1 0 150
1535 -4 1 0 150
1535 -3 1 0 150
1536 -4 1 0 150
1536 -4 1 0 150
1536 -4 1 0 150
1538 -4 1 0 150
1538 -4 2 0 150
1540 -4 2 0 150
1539 -4 1 0 150
1539 -4 1 0 150
1536 -4 1 0 150
1532 -4 1 0 150
1535 -4 2 0 150
1534 -4 1 0 150
1534 -4 1 0 150
1531 -4 1 0 150
1532 -4 1 0 150
1533 -4 1 0 150
1531 -4 1 0 150
1533 -4 1 0 150
1534 -4 1 0 150
1531 -4 1 0 150
1531 -4 1 0 150
1531 -4 1 0 150
1531 -4 0 0 150
1533 -4 0 0 150
1534 -4 0 0 150
1535 -5 0 0 150
1535 -5 0 0 150
1570 -5 0 0 150
1563 -4 0 0 150
1559 -4 0 0 150
1551 -4 0 0 150
1551 -4 0 0 150
1548 -4 0 0 150
1540 -4 0 0 150
1540 -4 0 0 150
1534 -4 1 0 150
1530 -4 0 0 150
1530 -4 0 0 150
1533 -4 0 0 150
1539 -4 1 0 150
1533 -4 1 0 150
1529 -3 2 0 150
1530 -3 2 0 150
1530 -3 1 0 150
1530 -3 1 0 150
1534 -3 2 0 150
1536 -2 3 0 150
1533 -3 2 0 150
1534 -3 2 0 150
1534 -3 2 0 150
1534 -4 2 0 150
1533 -4 2 0 150
1538 -5 1 0 150
1536 -5 1 0 150
1532 -5 1 0 150
1532 -5 1 0 150
1535 -5 0 0 150
1534 -5 0 0 150
1534 -5 0 0 150
1531 -4 0 0 150
1533 -4 1 0 150
1532 -4 0 0 150
1532 -4 0 0 150
1532 -4 1 0 150
1532 -4 1 0 150
1534 -4 1 0 150
1533 -4 1 0 150
1533 -4 1 0 150
1535 -5 1 0 150
1534 -5 1 0 150
1534 -5 1 0 150
1537 -4 1 0 150
1537 -4 1 0 150
1540 -5 1 0 150
1542 -5 1 0 150
1539 -5 0 0 150
1540 -5 0 0 150
1540 -5 0 0 150
1544 -5 0 0 150
1543 -5 0 0 150
1537 -5 1 0 150
1537 -5 1 0 150
1537 -5 1 0 150
1534 -5 1 0 150
1538 -5 0 0 150
1532 -5 0 0 150
1536 -5 0 0 150
1539 -5 0 0 150
1539 -5 0 0 150
1539 -5 0 0 150
1541 -5 0 0 150
1537 -5 0 0 150
1532 -5 1 0 150
1531 -5 0 0 150
1531 -5 0 0 150
1537 -5 0 0 150
1537 -5 1 0 150
1536 -4 1 0 150
1537 -4 1 0 150
1537 -4 1 0 150
1537 -5 1 0 150
1536 -5 1 0 150
1536 -4 1 0 150
1535 -4 2 0 150
1533 -4 1 0 150
1533 -4 1 0 150
1535 -4 1 0 150
1537 -5 1 0 150
1535 -5 0 0 150
1533 -5 0 0 150
1533 -5 0 0 150
1532 -5 0 0 150
1532 -5 0 0 150
1536 -5 0 0 150
1535 -5 1 0 150
1537 -5 1 0 150
1537 -5 1 0 150
1539 -4 1 0 150
1538 -4 1 0 150
1537 -4 1 0 150
1535 -4 1 0 150
1532 -4 1 0 150
1532 -4 1 0 150
1531 -4 1 0 150
1531 -4 1 0 150
1530 -3 1 0 150
1529 -3 1 0 150
1529 -3 1 0 150
1533 -4 1 0 150
1534 -4 1 0 150
1534 -4 1 0 150
1536 -4 1 0 150
1533 -5 1 0 150
1533 -5 1 0 150
1531 -4 1 0 150
1529 -4 1 0 150
1533 -5 1 0 150
1534 -5 1 0 150
1534 -5 1 0 150
1534 -5 1 0 150
1533 -4 0 0 150
1534 -5 0 0 150
1534 -5 0 0 150
1538 -5 0 0 150
1538 -5 0 0 150
1537 -5 0 0 150
1538 -5 1 0 150
1536 -5 0 0 150
1534 -4 1 0 150
1534 -4 1 0 150
1534 -4 1 0 150
1532 -4 1 0 150
1531 -4 1 0 150
1534 -4 1 0 150
1532 -4 1 0 150
1533 -4 1 0 150
1533 -4 1 0 150
1532 -4 1 0 150
1535 -4 0 0 150
1535 -4 0 0 150
1534 -4 0 0 150
1535 -5 0 0 150
1531 -4 0 0 150
